0.0 0.3063343717549325 0.3312564901349948 0.48598130841121495 0.3260643821391485 0.5109034267912772 0.48805815160955346 0.5898234683281413 0.5877466251298027 
0.3063343717549325 0.0 0.490134994807892 0.5669781931464174 0.48909657320872274 0.5763239875389408 0.5597092419522326 0.6448598130841121 0.6355140186915887 
0.3312564901349948 0.490134994807892 0.0 0.5794392523364486 0.4994807892004154 0.31671858774662515 0.569055036344756 0.48805815160955346 0.4974039460020768 
0.48598130841121495 0.5669781931464174 0.5794392523364486 0.0 0.31671858774662515 0.6375908618899273 0.4735202492211838 0.6666666666666666 0.67601246105919 
0.3260643821391485 0.48909657320872274 0.4994807892004154 0.31671858774662515 0.0 0.5960539979231568 0.3260643821391485 0.6500519210799585 0.6448598130841121 
0.5109034267912772 0.5763239875389408 0.31671858774662515 0.6375908618899273 0.5960539979231568 0.0 0.6188992731048806 0.32502596053997923 0.3115264797507788 
0.48805815160955346 0.5597092419522326 0.569055036344756 0.4735202492211838 0.3260643821391485 0.6188992731048806 0.0 0.6645898234683282 0.6531671858774662 
0.5898234683281413 0.6448598130841121 0.48805815160955346 0.6666666666666666 0.6500519210799585 0.32502596053997923 0.6645898234683282 0.0 0.4755970924195223 
0.5877466251298027 0.6355140186915887 0.4974039460020768 0.67601246105919 0.6448598130841121 0.3115264797507788 0.6531671858774662 0.4755970924195223 0.0 
